$ 1 0.000005 2.3728258192205156 51 5 43 5e-11
R 256 160 256 80 0 0 40 20 0 0 0.5
t 192 416 256 416 2 -1 11.345112670247161 -0.6494201593002042 100 default
w 256 160 256 224 0
t 192 240 256 240 2 1 -7.289256802489099 0.7162103679635354 100 default
w 256 256 256 320 0
w 256 320 256 400 0
w 256 320 304 320 0
209 304 320 352 320 4 0.00021999999999999998 11.201982046937278 0.001 0 1
w 352 320 400 320 0
r 400 320 400 416 0 8
g 400 416 400 432 0 0
w 256 432 256 528 0
g 256 528 256 544 0 0
w 192 240 144 240 0
w 192 416 144 416 0
d 144 240 144 320 2 default
d 144 320 144 416 2 default
w 144 416 144 448 0
g 144 496 144 528 0 0
209 144 240 64 240 4 0.000022 12.867796984746157 0.001 0 1
209 144 416 64 416 4 0.000022 11.502166457482417 0.001 0 1
w 64 240 64 320 0
w 64 416 64 320 0
w 64 320 0 320 0
w 0 320 0 384 0
v 0 384 0 432 0 1 40 5 0 0 0.5
g 0 432 0 496 0 0
r 144 160 144 240 0 100
w 256 160 144 160 0
r 144 448 144 496 0 100
